@0000
00 08 00 20 AD 01 00 00 B9 01 00 00 B9 01 00 00 
00 00 00 00 00 00 00 00 00 00 00 00 00 00 00 00 
00 00 00 00 00 00 00 00 00 00 00 00 B9 01 00 00 
00 00 00 00 00 00 00 00 B9 01 00 00 B9 01 00 00 
B9 01 00 00 B9 01 00 00 B9 01 00 00 00 00 00 00 
B9 01 00 00 00 00 00 00 00 00 00 00 00 00 00 00 
00 00 00 00 B9 01 00 00 00 00 00 00 00 00 00 00 
00 00 00 00 B9 01 00 00 00 00 00 00 B9 01 00 00 
B9 01 00 00 00 00 00 00 B9 01 00 00 00 00 00 00 
B9 01 00 00 00 00 00 00 00 00 00 00 00 00 00 00 
B9 01 00 00 B9 01 00 00 00 00 00 00 00 00 00 00 
00 00 00 00 00 00 00 00 00 00 00 00 B9 01 00 00 
0F 4D 10 4C 01 20 46 04 00 F0 68 F8 2E 60 20 46 
00 F0 5A F8 2E 61 20 46 00 F0 56 F8 2E 60 20 46 
00 F0 52 F8 2E 61 20 46 00 F0 4E F8 2E 60 20 46 
00 F0 4A F8 2E 61 20 46 00 F0 46 F8 E6 E7 C0 46 
90 12 0A 40 00 12 7A 00 06 48 00 21 01 60 06 48 
01 68 03 22 91 43 01 60 41 68 0F 22 91 43 41 60 
70 47 C0 46 08 03 0B 40 00 01 0B 40 80 B5 04 48 
04 49 41 60 04 49 01 60 10 20 00 F0 25 F8 80 BD 
00 08 0A 40 03 00 00 B1 01 00 00 26 06 48 80 F3 
08 88 00 BF 00 BF 00 F0 2B F8 00 20 FF F7 B0 FF 
01 20 00 F0 27 F8 C0 46 00 08 00 20 04 48 81 21 
01 60 01 20 40 04 03 49 08 60 08 63 70 47 C0 46 
48 80 42 40 A0 12 0A 40 82 B0 01 90 01 99 88 1E 
00 1F 00 BF FC D2 00 90 02 B0 70 47 80 B5 FF F7 
C5 FF FF F7 E3 FF FF F7 AF FF 80 BD CE E7 70 47 
01 20 70 47 00 BF FE E7 FE E7 00 00 00 00 00 00 
q
